聚类为2类时：
0簇的质心为：0.555194 0.961747
0簇的样本为：
(0.37683,1.34844) (1.40659,0.454146) (1.62589,0.990602) (-0.54342,1.00604) (1.30714,0.542482) (1.31154,-0.00155744) (-1.21329,2.20608) (-1.58397,1.39699) (1.25058,1.71742) (0.425615,0.477048) (-0.13205,1.68925) (1.0548,1.2673) (0.666911,0.911776) (1.1274,-0.00160468) (1.54118,0.453808) (-0.577844,0.882687) (0.526979,0.889664) (-0.878445,1.38015) (1.98096,0.252398) (-0.451897,0.625273) (0.288978,1.38403) (0.102826,0.2661) (1.16383,0.534998) (0.111655,0.557296) (1.26184,-0.0426111) (-0.747085,0.842112) (1.69813,0.354102) (3.02385,3.90894) (-0.431154,1.42622) (1.43778,0.774771) (-2.01934,2.25253) (0.385953,0.338932) (2.57854,-0.0808831) (0.00597584,1.42281) (1.37145,1.24177)

1簇的质心为：-0.273749 -0.474079
1簇的样本为：
(0.955674,-0.938525) (-0.372957,-0.614475) (0.329455,-0.56157) (-0.875203,-0.129064) (0.277745,-0.245991) (-0.038691,-0.733791) (0.594355,-1.33126) (-0.268301,-0.780806) (0.680725,-0.331865) (0.236412,0.185871) (0.959068,-1.09157) (-0.733024,-0.533009) (-1.79888,0.102806) (-1.61044,-0.269025) (-1.68743,0.378398) (-1.22401,-0.913631) (-0.352895,-0.476204) (-2.1749,0.542361) (0.0947468,-0.378436) (-0.767922,-0.884506) (1.44502,-2.0185) (0.75464,-1.20484) (1.73984,-1.15932) (1.3663,-0.435238) (-0.686486,-0.0297799) (0.41184,-0.938305) (-0.586859,-0.545505) (-0.388396,-0.162524) (-0.410984,-1.78214) (0.217126,-0.063958) (-0.173199,0.202115) (0.688883,-0.947824) (0.0969833,-0.489092) (-0.319396,0.156247) (0.638802,-0.66651) (-1.51598,0.0898963) (-0.605281,0.274657) (-1.84792,-0.634732) (-0.508815,-0.278702) (-0.901452,0.246944) (-0.200592,0.236177) (-1.07659,0.614522) (0.824924,-1.52616) (-0.0331406,-0.386006) (-1.48891,0.0656335) (1.91551,-0.854301) (-0.428315,0.0550378) (1.72498,-0.928377) (1.72286,-1.07992) (0.0479253,-0.114489) (-1.73228,0.942008) (0.429004,-0.294594) (-1.46046,-0.831468) (-0.956793,-0.0208512) (-0.689561,-0.607139) (-1.15957,-0.182) (-0.550379,-0.0398896) (-0.580873,0.555599) (1.73344,-1.73615) (-0.611734,-1.13832) (-1.39487,-0.426684) (-1.47242,0.300385) (-2.3336,0.326978) (-0.78893,0.14361) (-0.28541,-2.58491) (-0.726435,-1.10611) (0.300151,-0.639724) (-1.55272,-0.269675) (1.56492,-1.46349) (-0.243628,-0.108091) (-1.58941,-1.17971)



聚类为3类时：
0簇的质心为：-1.19797 0.336406
0簇的样本为：
(-0.875203,-0.129064) (-0.54342,1.00604) (-1.21329,2.20608) (-1.79888,0.102806) (-1.61044,-0.269025) (-1.68743,0.378398) (-1.22401,-0.913631) (-1.58397,1.39699) (-2.1749,0.542361) (-0.686486,-0.0297799) (-1.51598,0.0898963) (-0.605281,0.274657) (-0.577844,0.882687) (-1.84792,-0.634732) (-0.901452,0.246944) (-0.878445,1.38015) (-1.07659,0.614522) (-1.48891,0.0656335) (-0.428315,0.0550378) (-0.451897,0.625273) (-1.73228,0.942008) (-0.747085,0.842112) (-0.431154,1.42622) (-1.46046,-0.831468) (-0.956793,-0.0208512) (-1.15957,-0.182) (-0.550379,-0.0398896) (-0.580873,0.555599) (-1.39487,-0.426684) (-1.47242,0.300385) (-2.3336,0.326978) (-0.78893,0.14361) (-2.01934,2.25253) (-1.55272,-0.269675) (-1.58941,-1.17971)

1簇的质心为：1.11159 0.854758
1簇的样本为：
(0.37683,1.34844) (1.40659,0.454146) (1.62589,0.990602) (1.30714,0.542482) (1.31154,-0.00155744) (1.25058,1.71742) (0.425615,0.477048) (-0.13205,1.68925) (1.0548,1.2673) (0.666911,0.911776) (1.1274,-0.00160468) (1.54118,0.453808) (0.526979,0.889664) (1.98096,0.252398) (0.288978,1.38403) (1.16383,0.534998) (0.111655,0.557296) (1.26184,-0.0426111) (1.69813,0.354102) (3.02385,3.90894) (1.43778,0.774771) (0.385953,0.338932) (2.57854,-0.0808831) (0.00597584,1.42281) (1.37145,1.24177)

2簇的质心为：0.307687 -0.720189
2簇的样本为：
(0.955674,-0.938525) (-0.372957,-0.614475) (0.329455,-0.56157) (0.277745,-0.245991) (-0.038691,-0.733791) (0.594355,-1.33126) (-0.268301,-0.780806) (0.680725,-0.331865) (0.236412,0.185871) (0.959068,-1.09157) (-0.733024,-0.533009) (-0.352895,-0.476204) (0.0947468,-0.378436) (-0.767922,-0.884506) (1.44502,-2.0185) (0.75464,-1.20484) (1.73984,-1.15932) (1.3663,-0.435238) (0.41184,-0.938305) (-0.586859,-0.545505) (-0.388396,-0.162524) (-0.410984,-1.78214) (0.217126,-0.063958) (-0.173199,0.202115) (0.688883,-0.947824) (0.0969833,-0.489092) (-0.319396,0.156247) (0.638802,-0.66651) (-0.508815,-0.278702) (-0.200592,0.236177) (0.824924,-1.52616) (-0.0331406,-0.386006) (1.91551,-0.854301) (0.102826,0.2661) (1.72498,-0.928377) (1.72286,-1.07992) (0.0479253,-0.114489) (0.429004,-0.294594) (-0.689561,-0.607139) (1.73344,-1.73615) (-0.611734,-1.13832) (-0.28541,-2.58491) (-0.726435,-1.10611) (0.300151,-0.639724) (1.56492,-1.46349) (-0.243628,-0.108091)



聚类为4类时：
0簇的质心为：0.720917 -0.917514
0簇的样本为：
(0.955674,-0.938525) (0.329455,-0.56157) (0.277745,-0.245991) (-0.038691,-0.733791) (0.594355,-1.33126) (0.680725,-0.331865) (0.236412,0.185871) (0.959068,-1.09157) (0.0947468,-0.378436) (1.44502,-2.0185) (0.75464,-1.20484) (1.73984,-1.15932) (1.3663,-0.435238) (0.41184,-0.938305) (-0.410984,-1.78214) (0.217126,-0.063958) (0.688883,-0.947824) (0.0969833,-0.489092) (0.638802,-0.66651) (0.824924,-1.52616) (-0.0331406,-0.386006) (1.91551,-0.854301) (1.72498,-0.928377) (1.72286,-1.07992) (0.429004,-0.294594) (1.73344,-1.73615) (-0.28541,-2.58491) (0.300151,-0.639724) (1.56492,-1.46349)

1簇的质心为：-0.902406 1.40339
1簇的样本为：
(-0.54342,1.00604) (-1.21329,2.20608) (-1.58397,1.39699) (-0.13205,1.68925) (-0.577844,0.882687) (-0.878445,1.38015) (-1.73228,0.942008) (-0.747085,0.842112) (-0.431154,1.42622) (-2.01934,2.25253) (0.00597584,1.42281)

2簇的质心为：1.21369 0.793719
2簇的样本为：
(0.37683,1.34844) (1.40659,0.454146) (1.62589,0.990602) (1.30714,0.542482) (1.31154,-0.00155744) (1.25058,1.71742) (0.425615,0.477048) (1.0548,1.2673) (0.666911,0.911776) (1.1274,-0.00160468) (1.54118,0.453808) (0.526979,0.889664) (1.98096,0.252398) (0.288978,1.38403) (1.16383,0.534998) (0.111655,0.557296) (1.26184,-0.0426111) (1.69813,0.354102) (3.02385,3.90894) (1.43778,0.774771) (0.385953,0.338932) (2.57854,-0.0808831) (1.37145,1.24177)

3簇的质心为：-0.906771 -0.16442
3簇的样本为：
(-0.372957,-0.614475) (-0.875203,-0.129064) (-0.268301,-0.780806) (-0.733024,-0.533009) (-1.79888,0.102806) (-1.61044,-0.269025) (-1.68743,0.378398) (-1.22401,-0.913631) (-0.352895,-0.476204) (-2.1749,0.542361) (-0.767922,-0.884506) (-0.686486,-0.0297799) (-0.586859,-0.545505) (-0.388396,-0.162524) (-0.173199,0.202115) (-0.319396,0.156247) (-1.51598,0.0898963) (-0.605281,0.274657) (-1.84792,-0.634732) (-0.508815,-0.278702) (-0.901452,0.246944) (-0.200592,0.236177) (-1.07659,0.614522) (-1.48891,0.0656335) (-0.428315,0.0550378) (-0.451897,0.625273) (0.102826,0.2661) (0.0479253,-0.114489) (-1.46046,-0.831468) (-0.956793,-0.0208512) (-0.689561,-0.607139) (-1.15957,-0.182) (-0.550379,-0.0398896) (-0.580873,0.555599) (-0.611734,-1.13832) (-1.39487,-0.426684) (-1.47242,0.300385) (-2.3336,0.326978) (-0.78893,0.14361) (-0.726435,-1.10611) (-1.55272,-0.269675) (-0.243628,-0.108091) (-1.58941,-1.17971)



聚类为5类时：
0簇的质心为：0.720917 -0.917514
0簇的样本为：
(0.955674,-0.938525) (0.329455,-0.56157) (0.277745,-0.245991) (-0.038691,-0.733791) (0.594355,-1.33126) (0.680725,-0.331865) (0.236412,0.185871) (0.959068,-1.09157) (0.0947468,-0.378436) (1.44502,-2.0185) (0.75464,-1.20484) (1.73984,-1.15932) (1.3663,-0.435238) (0.41184,-0.938305) (-0.410984,-1.78214) (0.217126,-0.063958) (0.688883,-0.947824) (0.0969833,-0.489092) (0.638802,-0.66651) (0.824924,-1.52616) (-0.0331406,-0.386006) (1.91551,-0.854301) (1.72498,-0.928377) (1.72286,-1.07992) (0.429004,-0.294594) (1.73344,-1.73615) (-0.28541,-2.58491) (0.300151,-0.639724) (1.56492,-1.46349)

1簇的质心为：1.26916 0.581141
1簇的样本为：
(1.40659,0.454146) (1.62589,0.990602) (1.30714,0.542482) (1.31154,-0.00155744) (1.25058,1.71742) (0.425615,0.477048) (1.0548,1.2673) (0.666911,0.911776) (1.1274,-0.00160468) (1.54118,0.453808) (0.526979,0.889664) (1.98096,0.252398) (1.16383,0.534998) (1.26184,-0.0426111) (1.69813,0.354102) (1.43778,0.774771) (0.385953,0.338932) (2.57854,-0.0808831) (1.37145,1.24177)

2簇的质心为：-0.633911 1.24389
2簇的样本为：
(0.37683,1.34844) (-0.54342,1.00604) (-1.21329,2.20608) (-1.58397,1.39699) (-0.13205,1.68925) (-0.577844,0.882687) (-0.878445,1.38015) (-0.451897,0.625273) (0.288978,1.38403) (0.111655,0.557296) (-1.73228,0.942008) (-0.747085,0.842112) (-0.431154,1.42622) (-0.580873,0.555599) (-2.01934,2.25253) (0.00597584,1.42281)

3簇的质心为：-0.925808 -0.201236
3簇的样本为：
(-0.372957,-0.614475) (-0.875203,-0.129064) (-0.268301,-0.780806) (-0.733024,-0.533009) (-1.79888,0.102806) (-1.61044,-0.269025) (-1.68743,0.378398) (-1.22401,-0.913631) (-0.352895,-0.476204) (-2.1749,0.542361) (-0.767922,-0.884506) (-0.686486,-0.0297799) (-0.586859,-0.545505) (-0.388396,-0.162524) (-0.173199,0.202115) (-0.319396,0.156247) (-1.51598,0.0898963) (-0.605281,0.274657) (-1.84792,-0.634732) (-0.508815,-0.278702) (-0.901452,0.246944) (-0.200592,0.236177) (-1.07659,0.614522) (-1.48891,0.0656335) (-0.428315,0.0550378) (0.102826,0.2661) (0.0479253,-0.114489) (-1.46046,-0.831468) (-0.956793,-0.0208512) (-0.689561,-0.607139) (-1.15957,-0.182) (-0.550379,-0.0398896) (-0.611734,-1.13832) (-1.39487,-0.426684) (-1.47242,0.300385) (-2.3336,0.326978) (-0.78893,0.14361) (-0.726435,-1.10611) (-1.55272,-0.269675) (-0.243628,-0.108091) (-1.58941,-1.17971)

4簇的质心为：3.02385 3.90894
4簇的样本为：
(3.02385,3.90894)