-1.19797,0.336406
1.11159,0.854758
0.307687,-0.720189
0.37683,1.34844 1
1.40659,0.454146 1
1.62589,0.990602 1
0.955674,-0.938525 2
-0.372957,-0.614475 2
0.329455,-0.56157 2
-0.875203,-0.129064 0
0.277745,-0.245991 2
-0.54342,1.00604 0
1.30714,0.542482 1
-0.038691,-0.733791 2
0.594355,-1.33126 2
1.31154,-0.00155744 1
-0.268301,-0.780806 2
0.680725,-0.331865 2
0.236412,0.185871 2
-1.21329,2.20608 0
0.959068,-1.09157 2
-0.733024,-0.533009 2
-1.79888,0.102806 0
-1.61044,-0.269025 0
-1.68743,0.378398 0
-1.22401,-0.913631 0
-0.352895,-0.476204 2
-1.58397,1.39699 0
-2.1749,0.542361 0
0.0947468,-0.378436 2
-0.767922,-0.884506 2
1.44502,-2.0185 2
0.75464,-1.20484 2
1.25058,1.71742 1
1.73984,-1.15932 2
0.425615,0.477048 1
1.3663,-0.435238 2
-0.686486,-0.0297799 0
-0.13205,1.68925 1
0.41184,-0.938305 2
-0.586859,-0.545505 2
-0.388396,-0.162524 2
-0.410984,-1.78214 2
1.0548,1.2673 1
0.666911,0.911776 1
0.217126,-0.063958 2
-0.173199,0.202115 2
0.688883,-0.947824 2
1.1274,-0.00160468 1
0.0969833,-0.489092 2
-0.319396,0.156247 2
0.638802,-0.66651 2
-1.51598,0.0898963 0
1.54118,0.453808 1
-0.605281,0.274657 0
-0.577844,0.882687 0
-1.84792,-0.634732 0
-0.508815,-0.278702 2
0.526979,0.889664 1
-0.901452,0.246944 0
-0.878445,1.38015 0
-0.200592,0.236177 2
-1.07659,0.614522 0
0.824924,-1.52616 2
-0.0331406,-0.386006 2
-1.48891,0.0656335 0
1.91551,-0.854301 2
-0.428315,0.0550378 0
1.98096,0.252398 1
-0.451897,0.625273 0
0.288978,1.38403 1
0.102826,0.2661 2
1.16383,0.534998 1
1.72498,-0.928377 2
0.111655,0.557296 1
1.72286,-1.07992 2
0.0479253,-0.114489 2
-1.73228,0.942008 0
1.26184,-0.0426111 1
0.429004,-0.294594 2
-0.747085,0.842112 0
1.69813,0.354102 1
3.02385,3.90894 1
-0.431154,1.42622 0
-1.46046,-0.831468 0
-0.956793,-0.0208512 0
-0.689561,-0.607139 2
-1.15957,-0.182 0
-0.550379,-0.0398896 0
-0.580873,0.555599 0
1.43778,0.774771 1
1.73344,-1.73615 2
-0.611734,-1.13832 2
-1.39487,-0.426684 0
-1.47242,0.300385 0
-2.3336,0.326978 0
-0.78893,0.14361 0
-0.28541,-2.58491 2
-2.01934,2.25253 0
0.385953,0.338932 1
-0.726435,-1.10611 2
0.300151,-0.639724 2
-1.55272,-0.269675 0
2.57854,-0.0808831 1
0.00597584,1.42281 1
1.37145,1.24177 1
1.56492,-1.46349 2
-0.243628,-0.108091 2
-1.58941,-1.17971 0