0.555194,0.961747
-0.273749,-0.474079
0.37683,1.34844 0
1.40659,0.454146 0
1.62589,0.990602 0
0.955674,-0.938525 1
-0.372957,-0.614475 1
0.329455,-0.56157 1
-0.875203,-0.129064 1
0.277745,-0.245991 1
-0.54342,1.00604 0
1.30714,0.542482 0
-0.038691,-0.733791 1
0.594355,-1.33126 1
1.31154,-0.00155744 0
-0.268301,-0.780806 1
0.680725,-0.331865 1
0.236412,0.185871 1
-1.21329,2.20608 0
0.959068,-1.09157 1
-0.733024,-0.533009 1
-1.79888,0.102806 1
-1.61044,-0.269025 1
-1.68743,0.378398 1
-1.22401,-0.913631 1
-0.352895,-0.476204 1
-1.58397,1.39699 0
-2.1749,0.542361 1
0.0947468,-0.378436 1
-0.767922,-0.884506 1
1.44502,-2.0185 1
0.75464,-1.20484 1
1.25058,1.71742 0
1.73984,-1.15932 1
0.425615,0.477048 0
1.3663,-0.435238 1
-0.686486,-0.0297799 1
-0.13205,1.68925 0
0.41184,-0.938305 1
-0.586859,-0.545505 1
-0.388396,-0.162524 1
-0.410984,-1.78214 1
1.0548,1.2673 0
0.666911,0.911776 0
0.217126,-0.063958 1
-0.173199,0.202115 1
0.688883,-0.947824 1
1.1274,-0.00160468 0
0.0969833,-0.489092 1
-0.319396,0.156247 1
0.638802,-0.66651 1
-1.51598,0.0898963 1
1.54118,0.453808 0
-0.605281,0.274657 1
-0.577844,0.882687 0
-1.84792,-0.634732 1
-0.508815,-0.278702 1
0.526979,0.889664 0
-0.901452,0.246944 1
-0.878445,1.38015 0
-0.200592,0.236177 1
-1.07659,0.614522 1
0.824924,-1.52616 1
-0.0331406,-0.386006 1
-1.48891,0.0656335 1
1.91551,-0.854301 1
-0.428315,0.0550378 1
1.98096,0.252398 0
-0.451897,0.625273 0
0.288978,1.38403 0
0.102826,0.2661 0
1.16383,0.534998 0
1.72498,-0.928377 1
0.111655,0.557296 0
1.72286,-1.07992 1
0.0479253,-0.114489 1
-1.73228,0.942008 1
1.26184,-0.0426111 0
0.429004,-0.294594 1
-0.747085,0.842112 0
1.69813,0.354102 0
3.02385,3.90894 0
-0.431154,1.42622 0
-1.46046,-0.831468 1
-0.956793,-0.0208512 1
-0.689561,-0.607139 1
-1.15957,-0.182 1
-0.550379,-0.0398896 1
-0.580873,0.555599 1
1.43778,0.774771 0
1.73344,-1.73615 1
-0.611734,-1.13832 1
-1.39487,-0.426684 1
-1.47242,0.300385 1
-2.3336,0.326978 1
-0.78893,0.14361 1
-0.28541,-2.58491 1
-2.01934,2.25253 0
0.385953,0.338932 0
-0.726435,-1.10611 1
0.300151,-0.639724 1
-1.55272,-0.269675 1
2.57854,-0.0808831 0
0.00597584,1.42281 0
1.37145,1.24177 0
1.56492,-1.46349 1
-0.243628,-0.108091 1
-1.58941,-1.17971 1