0.720917,-0.917514
-0.902406,1.40339
1.21369,0.793719
-0.906771,-0.16442
0.37683,1.34844 2
1.40659,0.454146 2
1.62589,0.990602 2
0.955674,-0.938525 0
-0.372957,-0.614475 3
0.329455,-0.56157 0
-0.875203,-0.129064 3
0.277745,-0.245991 0
-0.54342,1.00604 1
1.30714,0.542482 2
-0.038691,-0.733791 0
0.594355,-1.33126 0
1.31154,-0.00155744 2
-0.268301,-0.780806 3
0.680725,-0.331865 0
0.236412,0.185871 0
-1.21329,2.20608 1
0.959068,-1.09157 0
-0.733024,-0.533009 3
-1.79888,0.102806 3
-1.61044,-0.269025 3
-1.68743,0.378398 3
-1.22401,-0.913631 3
-0.352895,-0.476204 3
-1.58397,1.39699 1
-2.1749,0.542361 3
0.0947468,-0.378436 0
-0.767922,-0.884506 3
1.44502,-2.0185 0
0.75464,-1.20484 0
1.25058,1.71742 2
1.73984,-1.15932 0
0.425615,0.477048 2
1.3663,-0.435238 0
-0.686486,-0.0297799 3
-0.13205,1.68925 1
0.41184,-0.938305 0
-0.586859,-0.545505 3
-0.388396,-0.162524 3
-0.410984,-1.78214 0
1.0548,1.2673 2
0.666911,0.911776 2
0.217126,-0.063958 0
-0.173199,0.202115 3
0.688883,-0.947824 0
1.1274,-0.00160468 2
0.0969833,-0.489092 0
-0.319396,0.156247 3
0.638802,-0.66651 0
-1.51598,0.0898963 3
1.54118,0.453808 2
-0.605281,0.274657 3
-0.577844,0.882687 1
-1.84792,-0.634732 3
-0.508815,-0.278702 3
0.526979,0.889664 2
-0.901452,0.246944 3
-0.878445,1.38015 1
-0.200592,0.236177 3
-1.07659,0.614522 3
0.824924,-1.52616 0
-0.0331406,-0.386006 0
-1.48891,0.0656335 3
1.91551,-0.854301 0
-0.428315,0.0550378 3
1.98096,0.252398 2
-0.451897,0.625273 3
0.288978,1.38403 2
0.102826,0.2661 3
1.16383,0.534998 2
1.72498,-0.928377 0
0.111655,0.557296 2
1.72286,-1.07992 0
0.0479253,-0.114489 3
-1.73228,0.942008 1
1.26184,-0.0426111 2
0.429004,-0.294594 0
-0.747085,0.842112 1
1.69813,0.354102 2
3.02385,3.90894 2
-0.431154,1.42622 1
-1.46046,-0.831468 3
-0.956793,-0.0208512 3
-0.689561,-0.607139 3
-1.15957,-0.182 3
-0.550379,-0.0398896 3
-0.580873,0.555599 3
1.43778,0.774771 2
1.73344,-1.73615 0
-0.611734,-1.13832 3
-1.39487,-0.426684 3
-1.47242,0.300385 3
-2.3336,0.326978 3
-0.78893,0.14361 3
-0.28541,-2.58491 0
-2.01934,2.25253 1
0.385953,0.338932 2
-0.726435,-1.10611 3
0.300151,-0.639724 0
-1.55272,-0.269675 3
2.57854,-0.0808831 2
0.00597584,1.42281 1
1.37145,1.24177 2
1.56492,-1.46349 0
-0.243628,-0.108091 3
-1.58941,-1.17971 3