聚类为2类时：
0簇的质心为：3.19362 6.84676
0簇的样本为：
(3.45,7.08) (1.76,7.24) (4.29,9.55) (3.35,6.65) (3.17,6.41) (3.68,5.99) (2.11,4.08) (2.58,7.1) (3.45,7.88) (4.2,6.46)
该类半径为：2.9714
1簇的质心为：6.06621 3.3393
1簇的样本为：
(6.17,5.4) (5.87,3.87) (5.47,2.21) (5.97,3.62) (6.24,3.06) (6.89,2.41) (5.38,2.32) (5.13,2.73) (7.26,4.19) (6.32,3.62)
该类半径为：2.06332
聚类为：2
0簇的质心为：3.19362 6.84676
1簇的质心为：6.06621 3.3393
(2, 6)是属于0类



聚类为3类时：
0簇的质心为：5.90405 2.9705
0簇的样本为：
(5.87,3.87) (5.47,2.21) (5.97,3.62) (6.24,3.06) (6.89,2.41) (5.38,2.32) (5.13,2.73) (6.32,3.62)
该类半径为：1.13413
1簇的质心为：3.19362 6.84676
1簇的样本为：
(3.45,7.08) (1.76,7.24) (4.29,9.55) (3.35,6.65) (3.17,6.41) (3.68,5.99) (2.11,4.08) (2.58,7.1) (3.45,7.88) (4.2,6.46)
该类半径为：2.9714
2簇的质心为：6.606 4.916
2簇的样本为：
(6.17,5.4) (7.26,4.19)
该类半径为：0.977135
聚类为：3
0簇的质心为：5.90405 2.9705
1簇的质心为：3.19362 6.84676
2簇的质心为：6.606 4.916
(2, 6)是属于1类



聚类为4类时：
0簇的质心为：2.89762 7.16164
0簇的样本为：
(3.45,7.08) (1.76,7.24) (3.35,6.65) (2.58,7.1) (3.45,7.88)
该类半径为：1.14032
1簇的质心为：6.06621 3.3393
1簇的样本为：
(6.17,5.4) (5.87,3.87) (5.47,2.21) (5.97,3.62) (6.24,3.06) (6.89,2.41) (5.38,2.32) (5.13,2.73) (7.26,4.19) (6.32,3.62)
该类半径为：2.06332
2簇的质心为：4.29 9.55
2簇的样本为：
(4.29,9.55)
该类半径为：0
3簇的质心为：3.24765 5.71975
3簇的样本为：
(3.17,6.41) (3.68,5.99) (2.11,4.08) (4.2,6.46)
该类半径为：1.99575
聚类为：4
0簇的质心为：2.89762 7.16164
1簇的质心为：6.06621 3.3393
2簇的质心为：4.29 9.55
3簇的质心为：3.24765 5.71975
(2, 6)是属于3类



聚类为5类时：
0簇的质心为：3.27431 5.91515
0簇的样本为：
(3.35,6.65) (3.17,6.41) (3.68,5.99) (2.11,4.08) (4.2,6.46)
该类半径为：2.17333
1簇的质心为：2.088 7.184
1簇的样本为：
(1.76,7.24) (2.58,7.1)
该类半径为：0.499119
2簇的质心为：3.74217 8.14783
2簇的样本为：
(3.45,7.08) (4.29,9.55) (3.45,7.88)
该类半径为：1.50539
3簇的质心为：6.30819 4.16579
3簇的样本为：
(6.17,5.4) (5.87,3.87) (5.97,3.62) (7.26,4.19) (6.32,3.62)
该类半径为：1.24193
4簇的质心为：5.85426 2.54024
4簇的样本为：
(5.47,2.21) (6.24,3.06) (6.89,2.41) (5.38,2.32) (5.13,2.73)
该类半径为：1.0439
聚类为：5
0簇的质心为：3.27431 5.91515
1簇的质心为：2.088 7.184
2簇的质心为：3.74217 8.14783
3簇的质心为：6.30819 4.16579
4簇的质心为：5.85426 2.54024
(2, 6)是属于1类